0.38
0.41
0.32
0.28
0.59
0.56
0.35
0.43
0.35
0.28
0.60
0.60
0.35
0.72
0.45
0.57
0.20
0.40
0.58
0.52
0.67
0.34
0.46
0.44
0.20
0.21
0.16
0.87
0.19
0.42
0.56
0.37
0.71
0.39
0.21
0.65
0.79
0.39
0.15
0.50
0.49
0.55
0.37
0.26
0.40
0.69
0.46
0.36
0.62
0.71
0.16
0.07
0.61
0.27
0.44
0.58
0.52
0.65
0.31
0.60
0.16
0.45
0.52
0.81
0.39
0.42
0.34
0.70
0.46
0.20
0.25
0.63
0.50
0.50
0.53
0.73
0.53
0.70
0.78
0.66
0.35
0.05
0.77
0.20
0.53
0.25
0.19
0.79
0.53
0.39
0.87
0.51
0.43
0.75
0.14
0.30
0.14
0.44
0.40
0.65
0.58
0.43
0.31
0.59
0.44
0.73
0.46
0.50
0.53
0.21
0.86
0.31
0.38
0.06
0.44
0.56
0.42
0.57
0.44
0.53
0.36
0.40
0.43
0.68
0.26
0.55
0.85
0.42
0.49
0.58
0.34
0.28
0.41
0.48
0.17
0.45
0.42
0.55
0.39
0.27
0.25
0.68
0.79
0.40
0.04
0.35
0.40
0.37
0.30
0.61
0.14
0.42
0.36
0.41
0.40
0.66
0.34
0.62
0.47
0.45
0.08
0.29
0.05
0.03
0.27
0.44
0.23
0.31
0.27
0.40
0.32
0.44
0.63
0.29
0.23
0.01
0.65
0.29
0.67
0.11
0.42
0.77
0.04
0.29
0.33
0.37
0.38
0.43
0.37
0.71
0.26
0.05
0.68
0.11
0.60
0.76
0.53
0.29
0.46
0.29
0.43
0.42
0.20
0.71
0.20
0.21
0.44
0.51
0.09
0.54
0.28
0.53
0.57
0.37
0.45
0.09
0.54
0.42
0.35
0.46
0.71
0.30
0.62
0.44
0.54
0.34
0.21
0.65
0.72
0.42
0.82
0.48
0.42
0.41
0.44
0.25
0.41
0.38
0.54
0.53
0.69
0.78
0.79
0.23
0.26
0.68
0.32
0.56
0.50
0.17
0.83
0.67
0.58
0.33
0.84
0.79
0.74
0.31
0.61
0.14
0.41
0.23
0.48
0.41
0.58
0.36
0.57
0.07
0.63
0.67
0.56
0.75
0.59
0.43
0.39
0.56
0.58
0.27
0.02
0.73
0.26
0.04
0.44
0.35
0.30
0.38
0.36
0.09
0.83
0.06
0.44
0.21
0.02
0.50
0.69
0.47
0.44
0.23
0.73
0.47
0.59
0.37
0.62
0.38
0.40
0.70
0.49
0.39
0.28
0.64
0.87
0.22
0.42
0.43
0.52
0.43
0.38
0.11
0.75
0.19
0.37
0.49
0.69
0.39
0.32
0.50
0.54
0.88
0.36
0.21
0.50
0.49
0.45
0.44
0.59
0.28
0.63
0.76
0.56
0.46
0.58
0.50
0.76
0.39
0.76
0.29
0.27
0.55
0.56
0.31
0.33
0.59
0.61
0.76
0.21
0.84
0.51
0.39
0.09
0.40
0.54
0.07
0.44
0.44
0.34
0.34
0.68
0.46
0.17
0.21
0.37
0.45
0.54
0.50
0.03
0.57
0.37
0.18
0.14
0.36
0.23
0.34
0.41
0.41
0.48
0.49
Command terminated by signal 2
0.00
0.67
