6220
4569
5074
6054
2525
2838
4646
5290
7030
5647
2343
2047
5017
1207
4544
8720
6944
9001
2723
3302
1623
4035
3981
5060
6341
5390
8983
60
7634
5496
9191
7375
1095
9470
7156
2114
818
3869
6598
3089
9794
8500
9000
8535
4066
9202
6111
4527
2243
1188
8974
9850
2072
8138
5522
2206
3096
1906
7239
2447
7151
9580
3227
507
4548
5680
9528
9997
4082
5355
6808
2103
3504
8900
9031
1087
3102
1391
725
1478
9742
9859
614
5434
9573
6861
5680
594
3334
7138
7
3475
3553
1097
6271
5270
6462
4664
5859
1602
2215
4811
7776
2332
3971
898
5840
3319
9381
6540
62
5930
8319
8305
5237
2795
6227
2519
4824
7876
3791
9511
4536
1387
6025
8859
112
6850
6976
2027
7869
5401
4347
2906
6265
3236
3607
2616
5319
7258
7184
1388
578
5330
8884
5306
4987
6780
5883
2176
8386
4602
7202
4486
5754
8931
6676
1732
3799
4443
7379
5108
8882
9732
5215
5616
8538
7642
7950
8216
9515
6284
1689
8369
5032
9870
1507
6613
1455
9414
4486
714
9611
7658
5775
4457
9052
5185
7182
1213
6130
9295
1614
9334
2303
947
2791
6207
6724
7862
8614
3341
6540
1154
8960
8395
3504
3396
8361
2975
5930
2724
8083
8357
6635
7681
2633
4355
4845
5059
1372
6232
1733
5335
7524
6188
9797
1829
1165
6525
499
3565
3394
3994
4510
7740
7126
6152
2559
3049
1494
747
712
5857
5588
1325
5101
2128
9078
7538
267
1559
9507
5716
385
589
1069
8585
1953
8720
5053
5715
3839
3304
9562
5689
2719
7682
1856
1721
2693
875
9160
6172
7993
2483
2360
8035
9813
1172
8416
9552
5140
4534
4952
7845
4848
7302
364
7725
8997
8804
8497
6889
1393
4146
4938
7555
923
3444
8311
7349
2029
6220
4115
1378
2665
5933
8637
1608
52
6077
9594
5384
2978
4676
8105
8880
901
6219
3855
3649
1497
3578
5797
3113
2561
36
3615
6088
3529
3661
4264
3174
2317
7914
1967
1046
2779
3208
9944
3597
879
9314
776
4778
7732
9245
2935
5685
7808
1860
2312
829
7447
183
7772
5190
9237
5966
8272
8995
4564
3674
5493
7517
1546
4282
5851
5535
7729
8017
2728
8554
9424
2546
4711
7993
6376
6123
6865
3986
3502
4590
3972
3711
1475
1614
3219
