8029
3003
630
28
9176
8132
2201
3777
9339
6258
9971
3285
7224
7147
5834
9063
3087
5439
4973
5232
2710
3192
9667
3095
2337
2861
2051
9841
1811
5268
4292
6060
628
9585
628
9164
5662
3173
7736
7294
3446
2127
3825
1559
7992
719
1305
8419
6039
6437
2493
2380
4306
2151
8022
3161
204
9361
9961
4130
1253
8945
6888
8026
9171
3889
3307
1896
3111
9964
3801
962
6365
552
9952
357
4780
4215
6193
3630
1877
9105
4103
387
6277
4763
3348
6438
5692
7268
2322
9214
5581
4956
1398
4560
9369
3036
7334
3701
5018
1059
6266
4221
5692
2537
6354
4216
681
3209
7266
208
8675
8927
4576
3226
7230
8241
7143
9744
3885
4282
2172
4824
2251
7984
4729
8441
9956
5146
1006
166
1074
8097
141
8757
2805
3080
912
4091
6252
2498
6694
4827
9841
7582
5810
2358
2732
2865
8944
9952
9728
6442
18
948
5788
521
9763
8138
7637
3437
7016
3877
5735
5293
7280
2344
7272
1258
3441
9293
8667
7783
5328
5735
915
2946
7349
7804
8685
1140
695
7388
4632
1122
6288
6585
5956
566
1662
1867
6166
9029
9359
641
3352
5487
7846
1741
6492
6856
5386
9546
6556
5020
6174
5799
7992
4556
2576
8346
4969
9412
4114
2074
4405
651
1419
9822
8738
9083
4352
442
2939
5225
7997
3730
3191
2587
8752
4764
2953
9331
4657
7302
461
8865
8950
5979
201
1209
4742
8137
2243
294
7207
5759
8828
116
8084
7342
6265
9481
4213
5416
2130
4685
9673
1170
3761
2451
6231
7690
2094
6835
9342
2106
2014
1986
877
2651
8531
9931
7239
6872
8599
4587
5814
4241
4650
5152
4865
8986
7082
1523
6328
6565
4488
807
2491
3957
2048
6907
9856
7117
5862
5371
7604
1629
6102
137
104
4081
3921
8641
5187
9765
1261
6787
3156
8567
7817
792
9301
4531
763
8769
1401
5518
8418
7067
6450
5449
4193
4507
3422
8222
165
4759
4102
9164
6174
4357
6895
1443
9936
3251
201
786
9133
8230
4409
6240
1993
3358
527
9079
8012
283
4814
1916
4072
5414
6015
6705
7228
1547
8164
7274
1845
1640
7383
1061
8755
8834
8256
9650
1275
5294
3529
4448
6585
7940
7224
3369
4873
359
2692
1236
7126
3374
8419
6432
5782
9699
4365
7189
3143
9573
5674
9446
7195
535
8520
9996
156
564
3396
4652
6840
1045
4079
2178
2970
7002
5892
8157
989
2168
7286
4519
7721
7963
1327
3001
5694
9465
2307
1592
1164
6914
9336
719
5713
9076
4985
8069
8083
557
4508
8054
1303
8852
8960
4702
3536
7793
6215
7758
790
3907
8333
972
9673
9235
9888
1327
7963
4578
5320
4978
7755
528
5893
452
4932
4832
8647
6058
8279
3454
4108
2958
9131
305
7301
4293
1257
894
6592
1342
7636
7994
1762
634
1117
8443
5221
7634
2186
7034
310
5379
10
8465
3874
4005
9569
5647
7101
8931
778
7295
3334
1783
6343
8196
1879
5627
9761
6476
3359
6764
9639
4181
9920
5917
5603
2141
2542
4030
6235
1521
5830
7046
3269
1087
9332
1351
2489
185
4818
534
5599
8867
1048
307
2255
428
8007
2575
6079
3652
3955
4837
5764
2529
5510
4981
3251
2862
8095
1727
9996
191
5953
3999
3561
3625
8146
1635
2703
3098
332
405
1330
3794
369
2380
6801
9518
3565
5530
2991
9511
5605
9531
5920
4696
6520
3646
8624
4844
5383
7234
5680
830
8621
6009
6510
1730
544
5800
7718
281
2844
928
5018
4842
1282
934
7740
1467
7179
7555
7363
8530
4545
7406
6191
4778
1379
381
9625
813
2864
3357
3044
5867
7850
7297
4063
4733
6115
3930
6290
9169
5873
340
8783
5580
9658
8997
9262
2951
9334
5126
1120
930
3130
963
8500
277
4373
5166
5670
1462
597
8561
1035
5225
2687
4916
7927
2084
907
1081
2629
2650
6587
6085
6832
633
7095
2114
1967
604
9359
4392
4578
6034
4891
1572
9489
310
1891
2317
1713
6953
948
9697
3707
518
5332
7911
432
7284
8923
3461
9408
3073
3030
7352
3767
3098
8037
5389
4789
8760
4288
4332
4255
2662
346
1112
2887
1514
8306
6953
9654
7814
9288
5228
4774
4919
29
990
200
1462
5335
4265
8976
1733
4205
8486
958
2474
8300
8918
7181
6846
7414
6269
159
4148
4371
3175
8427
8285
6862
5732
9638
8845
4007
2622
3342
9924
9101
9891
354
4678
7557
4779
9536
1025
6830
790
376
929
3303
1143
4463
6504
8224
7301
2488
288
9472
7400
220
1457
6781
9891
1783
8528
7351
458
2113
8860
5504
3656
7366
5551
5555
523
2785
6899
4832
9009
4527
4919
8114
4830
2593
1293
6124
5170
7799
5940
6622
1636
2608
3824
4509
1950
719
645
1376
9019
2435
4160
5824
2707
594
5141
717
9749
9319
7822
463
3202
776
2177
990
6212
8101
7195
9159
8068
5814
1371
3302
4537
138
6682
7718
5198
1100
3167
8570
7926
3563
7925
9604
6748
9373
5370
6011
3422
9226
8204
2830
3636
4010
4605
2866
677
9503
17
2542
6619
2894
5052
6105
3546
5558
9116
991
414
5673
2000
2891
2179
9898
7222
8702
2586
9398
2077
4876
4328
683
8544
5267
4460
9011
4095
2913
7540
6925
2971
1008
4382
8634
9153
5373
7805
2256
3261
8072
4146
9804
1203
1925
5376
2392
9171
1836
1400
4679
2736
2279
8183
1827
3879
8745
5688
6393
5581
8436
7885
840
4319
2470
3350
9886
6205
6585
3952
2747
1188
5617
244
4684
9807
9302
8830
4949
7272
2438
7237
3779
5590
3651
5164
1345
6418
9850
2950
3741
1621
7729
8821
6070
3208
5339
9782
3668
4092
6135
5570
1784
3662
8795
5736
1482
5736
2230
4401
8362
1700
5205
7207
3553
5383
3299
9189
567
2564
2249
7458
3702
2511
3429
3969
2976
2119
6666
1980
3918
8638
5290
7586
1668
7469
2120
1976
4188
7794
2458
1634
4534
2950
3159
3844
1984
1209
2765
1216
8217
7909
1766
9103
4409
3556
1063
1380
766
3380
8851
841
1454
8127
1965
5692
1456
870
4805
5933
3789
7416
8112
3263
813
9742
6836
5718
8549
9377
7471
3679
4203
2080
2715
9399
5912
498
6717
985
2890
2640
9473
590
9797
5749
6338
4648
4077
1237
9809
7353
181
3723
8243
894
389
5544
8978
7005
4534
3452
6391
2671
4807
9741
4933
5299
6417
932
4223
2649
447
5584
5805
1090
4286
7940
5874
3782
9023
4736
8203
856
8733
3906
424
7194
3278
297
8498
7039
6619
3338
3436
5366
9837
9214
1720
6103
6372
2887
2103
9430
1072
1325
509
1078
261
7345
8888
8261
2477
8802
5596
4436
5744
2764
7900
4118
6003
6206
4938
1790
2232
6393
2063
953
2907
8405
5602
5831
4827
7090
8397
4903
4798
1885
1563
6622
8577
4606
6958
219
11
3211
2047
5458
9224
771
649
1073
7926
4712
7450
5174
6276
4863
6928
9293
7775
210
9980
8099
5061
8702
7531
1070
1206
6287
8768
3724
9445
6984
2489
3863
9394
9637
5713
4668
819
5640
9642
7510
2454
9090
7950
3243
2531
5513
8085
1252
9565
2018
2369
418
2871
5420
5916
7897
1714
6718
276
5128
8828
2815
3074
3364
8471
2327
6999
6083
390
8338
3412
757
8048
4410
4232
3941
7648
6988
9964
6110
1102
8216
3946
7692
1470
5652
806
955
2796
9588
7247
6779
3073
280
3156
4149
6371
9315
8366
2951
2779
9076
7804
235
3824
8848
4277
3159
4187
3934
4727
8161
7311
4480
4636
6018
1756
3504
7786
4687
8502
69
1828
9831
4019
8253
3429
2689
4281
8524
958
6637
8191
4621
9654
2293
8904
6507
2914
2556
1757
8857
1686
5996
994
185
857
4078
2774
5547
1420
1306
6509
1542
1372
882
2705
7880
6890
7739
8272
5391
7232
2720
8778
4549
231
2304
418
6862
6169
3457
406
8995
6663
2048
7209
1051
5103
3084
9680
5517
5236
9776
7235
3444
1072
2022
28
7124
5865
1558
1746
6621
2994
6348
5561
7055
943
8984
7842
2497
6541
6016
3306
1736
6736
193
1316
4425
1921
2797
2977
5549
227
4612
4493
2407
7903
8122
4234
6147
2555
6439
1757
2991
5738
1570
2278
612
1050
1614
245
2613
4097
5709
7260
4146
2406
2406
8310
7481
5186
3826
8872
1210
6774
6693
8231
8131
8711
6377
6881
2272
9341
1946
1698
4753
7195
528
302
2212
9317
184
7633
3466
5136
8007
9979
1144
4909
1513
8581
8754
4972
8272
7794
308
3889
7960
894
3458
1788
6049
5638
5200
2916
9198
2620
1437
4921
7883
875
9179
4682
3322
6027
5809
8111
701
6817
1611
6782
9672
6235
3838
1010
7196
9301
5271
2366
1069
6538
8082
5439
4571
1048
5204
9130
2152
6508
4889
2048
2596
854
994
9741
9657
7881
1896
645
9262
8987
5278
318
2371
6021
3692
3561
7404
3819
767
3491
8137
3614
3108
8247
49
7217
8945
6643
7313
5370
5877
7211
962
5404
3044
8001
8338
7442
4770
5788
4137
8291
788
5600
3392
2089
7081
6314
467
8055
9904
9280
493
8603
202
7775
5548
6615
6979
912
498
3128
7353
7564
1641
9712
8740
3696
8639
9038
4916
5495
1935
6604
625
2400
4185
9207
277
8083
2079
156
9261
8932
1181
5848
8677
8573
9238
5427
1600
1364
8139
3927
6018
3590
5130
5918
1840
323
1193
6847
3745
2216
3754
6643
4913
5149
7991
1010
8847
4783
4163
9667
5664
9774
7372
9414
9630
1440
5966
1747
9230
824
7739
3466
8140
8312
4398
6196
7196
6917
4797
2429
8106
2236
4474
7971
2358
6226
9703
1685
7921
6141
1541
3258
7806
589
7973
3585
7605
5301
2273
7270
9866
9969
4765
7588
2081
9052
565
7909
8524
8759
1203
5678
7790
6330
9146
2972
5409
992
3454
4196
4850
3694
2268
7578
4964
5288
3294
8140
4818
3421
3747
6450
3852
4772
4450
2096
9875
7490
8670
8081
3482
7768
266
1873
3438
4240
5005
4070
6552
1472
9854
5096
5439
2470
8321
5351
4107
6051
3493
7140
7276
3503
7807
7212
6152
9487
6688
1993
5593
1032
8331
2773
3286
4554
9352
5054
4325
414
5869
5096
2785
407
7873
3988
1410
6846
8670
2309
8985
7454
3493
4895
5436
559
9894
4664
7960
9826
2569
6452
6727
460
8431
6471
8839
952
4168
2343
7942
6401
2316
6
5899
6847
117
3649
4829
3840
8841
5382
2837
981
1173
2354
4895
7479
7221
7522
2676
3608
6442
8912
5231
4891
7303
5297
7566
1488
3737
3959
1231
6410
1210
6001
8979
1464
34
289
5754
7779
2938
6755
6094
6715
1702
5977
715
2187
8772
1587
876
3780
8631
1920
1438
9027
9508
4647
3628
4350
8608
6490
5682
200
1353
4628
5633
1378
9956
4585
5115
2616
4768
3595
3516
400
8100
5214
659
9499
7844
7422
2439
2555
9709
7221
8438
8009
2839
2113
1424
3635
6966
9181
2262
5037
214
8877
9769
1763
9372
518
3228
1069
7362
3346
4315
9995
9792
4949
8642
1110
8597
6888
9937
5427
823
8043
943
8485
2035
5641
6033
6741
1691
5322
9894
318
4288
9930
424
8223
3380
863
1402
5162
5546
5002
5741
2903
1689
1622
9786
4180
4274
9475
1630
2238
4375
9962
9227
605
6116
953
6015
7387
3582
4756
8297
2919
179
9788
586
3372
5494
3541
6804
8453
6988
9629
8247
6749
3025
5476
8940
325
6133
7347
7103
4523
560
2159
9838
2308
8655
8072
8526
5690
1105
5174
5953
5111
8857
4653
3483
120
5221
2172
7436
9839
6469
169
8219
4392
3441
9142
5051
2088
3198
7680
1778
5306
601
10
208
5501
1200
4634
5200
8605
4521
2625
2776
4374
8494
2405
6417
3840
2794
7669
3164
6842
4405
2698
5487
5515
1879
9525
7110
2734
8812
7648
8930
5268
7353
9642
9445
1419
251
6082
2096
28
1412
7355
9458
8484
2299
2017
9735
863
6696
3030
1222
6362
3798
3843
3487
1593
2054
4178
9606
8891
8539
7187
2626
2696
2036
3597
3442
2044
2326
2609
5079
3435
6399
52
8786
4755
9868
9431
7318
7830
8651
4048
8289
2580
9143
581
6632
7439
5054
9512
6515
8681
8090
9192
5185
715
1168
4987
1322
6293
9164
7029
5293
7945
7879
6823
5576
316
2362
4175
1435
4220
1346
1043
6330
2943
7814
8676
4917
7264
7248
1851
789
5420
7646
825
5467
2872
2114
6158
5753
4548
1947
3562
1614
5967
6594
5372
3856
6983
3660
7856
6350
9822
1303
1486
2033
5820
272
663
5107
565
1932
4067
1156
9830
3732
4558
2566
434
7103
1542
5176
4619
3477
5928
905
5425
9938
7281
3462
9368
2460
2357
9675
7311
7881
1397
1812
5421
579
8974
3434
3327
8380
5550
2274
2055
5847
6490
8179
4243
2258
362
6771
3930
8161
6842
7804
5628
6474
8872
5463
9943
9678
8682
1920
6559
6047
7919
9306
8118
810
2721
9802
7426
7047
479
2560
9252
6692
1877
6086
3806
8776
7422
2248
7611
8049
7474
794
6433
3098
574
1938
7765
4392
5480
929
9056
307
4010
1149
9338
646
1168
3051
3910
3313
2049
3303
7927
6414
136
5950
5055
4777
8244
1713
140
3677
6802
7857
3498
5782
1427
9279
6089
3411
4404
1899
4382
7978
4115
3038
6711
4844
1174
5845
1735
3243
1727
1435
978
5777
9616
3753
9043
3888
8131
4783
7917
8859
4890
3233
6388
1744
1549
4842
3703
6494
3789
587
8448
112
590
1081
5826
9847
3576
8291
9283
8930
5446
6800
8452
9979
8878
1217
9911
2606
2974
7921
8851
8827
5535
2615
8470
6043
8534
8563
6214
8066
634
3665
5402
2049
3804
1838
3929
2866
3974
3917
7005
7048
4679
5377
4470
6476
7755
5561
5618
2226
3694
7616
271
8187
5495
7381
3982
6930
818
9122
9649
9638
3038
7353
196
5796
8906
1732
5824
1959
5317
5293
2452
2187
9123
4313
7699
9248
8616
3686
1981
6850
3840
6084
9236
7195
6903
6000
8699
6633
5493
6816
2180
2781
6266
4867
3205
1501
8898
2887
5727
4664
9269
3859
9041
9164
4018
3843
1840
6186
6604
9580
1448
1750
8604
6891
3433
2017
5949
1765
5532
1180
1096
7873
1828
9549
649
3039
5231
7793
5874
9557
2950
6623
1168
3845
6755
3297
7995
7079
6163
8850
6463
6026
1720
5032
8309
3291
2688
8725
7214
3895
4413
2197
9947
3929
6269
6658
9967
1609
1939
3123
6248
6855
3228
9757
1660
3715
4549
9067
5512
7219
3444
3237
9034
3644
3834
5361
3997
2954
6479
5856
394
2103
4351
9700
8199
355
8179
2018
451
5621
7040
575
2608
280
909
3796
9773
3119
1282
7863
8600
8758
3709
4214
5791
2861
1770
7
8953
8218
5623
245
7854
2848
4547
4825
7304
295
9897
997
4357
269
4347
5952
9346
6026
5647
9418
8348
5161
39
8562
9627
917
807
3320
9377
7052
2993
7111
5888
5882
5139
8284
4935
9029
3512
9384
5376
5228
8667
1352
7208
9842
2601
3752
1197
6479
3919
4317
7933
1033
5426
3202
7626
2597
8192
5185
9004
7037
813
7552
3549
4074
9072
2339
2768
1755
2810
3099
4149
342
7239
4918
6643
5196
984
2404
2848
4524
510
2646
8877
858
6155
1300
5330
7495
1075
6161
5301
7062
6832
4885
3482
3723
6904
2120
340
5370
7548
7711
3230
3641
7055
602
7763
3359
9172
5856
4733
7352
2077
1233
3097
9599
62
8164
5740
3873
102
1724
2341
2587
9235
1458
645
3628
940
7176
4913
7390
8506
6601
9066
3939
4343
6314
2450
4608
6545
5662
3020
5447
9602
8158
7814
4644
2748
361
9173
6801
2622
47
3942
6809
7103
3608
4361
4594
2478
8270
5501
6144
741
6541
6501
8516
4887
3582
7274
2913
6107
7277
2993
8239
1964
5817
809
6959
8045
8826
9814
2025
757
2071
4473
855
9835
7973
2261
1842
6529
8109
6211
1696
3191
2347
8564
7035
867
1038
3558
4844
2309
3913
1980
488
8332
2582
7043
3061
3149
3251
2476
5653
3976
4609
939
9016
4097
6367
4905
3040
7808
2484
95
1357
4839
7081
469
6469
8541
2443
1094
5982
6150
3210
3931
6860
9957
4846
549
2776
4309
8569
6661
4596
5759
1394
7249
4219
4130
7616
489
2716
4719
2302
7469
5676
1109
8598
3455
279
6932
5851
6365
2143
2744
7877
6705
4272
4803
8048
6080
6067
3122
7453
2041
1594
8047
4475
4972
8240
8683
9113
9395
4839
7688
483
7187
5493
2550
5051
9825
8182
8674
3357
9304
1154
2344
3438
2946
4659
702
4015
3490
5099
591
4167
8859
2237
3169
9314
2599
4420
1484
1175
9996
6490
1285
6963
3498
1963
8014
3798
2121
1303
8059
29
1297
3716
3387
8584
3102
1958
4047
7140
8388
8476
898
2662
6201
845
5185
7605
6260
8134
2529
314
4310
9500
3718
9727
9056
5635
2482
2090
5236
5068
5937
958
7170
5592
2347
9393
1054
4463
2735
9840
6349
4034
1624
7608
5964
5261
1645
6831
2049
5519
5444
3919
9963
6781
7157
9259
8641
3221
127
9476
3328
60
7451
1270
9760
6986
3454
3844
3866
5411
299
7591
8874
5993
8793
1826
7083
4733
5512
3097
8437
3615
2429
1530
1543
5012
3624
7619
2106
2221
4669
6634
185
4537
9500
3567
8029
9766
6778
528
3764
1994
3143
5121
6554
3683
7424
2504
1263
2903
9477
9244
1595
2371
6370
4109
1159
6571
708
8328
1673
2963
8167
5023
5940
4140
6363
6014
9645
3884
2015
5751
3507
6840
3886
5327
9412
703
866
9842
6790
6407
1349
9368
1015
7551
7126
4222
4682
2152
5059
9771
4376
3634
6241
2775
8493
4176
5881
6004
3192
232
7887
8151
9367
6192
3804
4727
6230
6034
4395
4102
5103
1943
1144
9426
5758
9082
3119
1430
2435
1539
4889
7608
102
2969
902
7388
4896
5702
3738
4859
5396
7789
988
6684
79
2561
1030
3471
1660
8913
1249
5044
6144
9575
4826
8316
9417
1587
5986
3570
5956
3920
4106
2994
5740
1497
7929
4506
4921
6149
7401
1345
7064
7485
4309
9008
5572
179
8675
4040
7496
8160
9712
5476
6307
563
8173
8963
516
6140
9291
4428
4680
3736
8971
584
1612
5153
4919
224
3577
3535
4047
7056
934
5137
3093
4213
2171
3626
9102
9448
3351
5392
4123
2475
4942
596
1144
9014
4147
7406
6002
2674
8072
7573
7158
9460
8505
7251
3787
4755
8609
8092
8272
2449
7004
2877
197
9995
8783
4600
7736
7394
9328
7528
9525
5844
7645
8674
9227
9141
5047
3664
535
3456
5262
2847
2894
575
5236
3808
6747
1902
4460
8868
2503
4012
2174
6462
1253
8783
6535
1992
9972
4383
9569
1851
9672
346
5773
9127
7052
2735
2612
340
2028
9133
6144
6954
6091
1900
2593
827
3881
8932
7554
6295
4419
4363
8827
2684
6743
1895
5309
5509
6252
8421
6745
6636
3178
9276
6246
8903
2766
4554
2453
9267
9418
4048
2181
732
6134
7969
6731
5507
2132
2949
4107
8578
7253
9681
1892
4372
3470
6213
750
489
2336
4207
2913
5630
5253
8985
3907
6726
2808
2944
6483
7036
3560
2759
4763
2438
2590
7907
631
6594
2709
1493
7067
3381
2888
1131
8150
7939
6430
9708
869
7805
4227
7257
1504
8000
4536
9708
8662
3730
3338
8004
2164
1380
6377
4895
2320
5177
3608
6500
1408
3389
8556
3810
5675
9094
379
5039
504
6627
4046
9712
3057
7416
6863
23
9645
2586
3083
1559
5943
8905
250
3913
4417
4610
3330
1827
6207
6135
1700
3436
2831
6915
6431
9703
4025
390
538
3330
1220
1933
9131
9699
1465
1009
396
6508
6535
4262
4090
3630
4230
1701
6550
5566
3416
2050
7849
7183
3665
6775
6330
6575
894
3771
5052
9
498
5714
5236
8012
7850
108
9214
6052
614
5655
1664
1415
3142
8233
3589
9850
4781
2657
7368
8724
6958
9254
4919
7649
3495
106
4677
1044
5676
3440
53
9136
395
5787
6214
7026
1773
1772
5610
3561
6998
9001
3133
351
7950
3995
7404
9396
6579
6007
6178
9685
6096
4011
4079
3242
8028
3935
8134
6487
3908
7966
2138
5232
6245
8139
2507
315
6543
2579
4789
5400
3279
1933
2459
7988
8379
1919
422
5369
3404
1953
3978
8065
4406
6367
6588
1768
3207
5289
1969
9874
1243
4063
7889
8331
1400
6523
2223
2344
8175
4995
866
7834
2444
5052
3682
561
1937
3286
1034
4598
4723
1511
5179
8081
8812
4711
7498
6467
1724
5537
8367
9348
8595
2390
6495
7199
4525
3702
587
3545
5450
3248
2544
2122
8818
4012
3568
6028
5231
2954
9032
6169
9039
3233
3057
8016
7324
2826
2338
149
2766
9578
6186
1468
4967
2970
1460
2777
7129
3254
9497
2775
9421
3924
3354
4055
5626
9302
4445
1353
3074
8988
2282
442
8060
7021
164
4237
2552
710
6803
3258
5508
7918
2830
929
1488
4302
856
8932
3281
1045
800
3925
5983
6283
4969
9371
1110
7990
8018
2022
6777
6902
5289
4757
2375
3226
805
9468
8551
5906
1117
5856
4252
8532
3071
2311
8544
824
914
8401
4081
1314
6907
7399
7196
5329
8990
4559
6830
1511
5896
9409
2254
7973
4733
8743
4294
8239
4568
1696
6042
3541
2643
2686
6295
5701
5762
2804
7797
6031
9742
374
6294
4781
2871
9189
4134
496
4136
497
8089
8373
8777
6924
257
5402
1065
4532
3550
8304
3315
8746
9839
4390
2262
3729
8194
502
1527
5015
3429
4800
7641
407
9301
9659
297
9941
704
2077
1133
1047
8746
2266
3687
4007
7346
8994
8228
7913
846
8610
7053
4172
1415
7784
4967
1659
5838
85
5882
1153
4580
6950
161
8843
495
7109
5842
9422
8276
245
8271
7595
4401
1332
8573
2843
5442
18
5312
1997
8240
8441
6352
5679
560
3497
8000
9232
6313
5222
1764
372
6859
4478
4498
23
6658
7975
45
6613
2806
7079
1647
5083
9501
1284
8004
9814
3817
3659
6506
7622
6675
5163
4871
7561
1114
9399
3563
8723
3154
8640
8309
7129
7206
3770
2507
6032
9551
7580
5899
1066
8357
865
1297
4733
6397
4168
9163
3915
8650
5865
1980
6807
7713
9068
3832
4425
2496
3042
3019
5966
3214
2026
9752
8760
738
3250
1563
3468
7562
5176
5301
697
1627
2836
7312
2628
2379
9891
6527
9964
7552
5636
7983
4366
1037
1251
4483
4326
5735
1631
6549
6062
5043
2480
1115
3176
5123
9922
3144
900
2531
1642
3233
9132
2245
1282
7408
7753
7257
4548
7136
6837
6000
1043
8722
7929
7068
7215
9179
7195
5064
8630
9673
7675
918
3212
6925
7989
5887
5027
2333
2222
1343
6882
531
367
5423
9325
8144
9712
3393
1277
222
9778
2306
8685
6290
9637
3966
4499
445
8261
156
1882
8231
7891
4869
1618
7396
4339
5725
8801
9948
8145
5140
1249
7689
6895
7119
6117
3482
5129
2537
4960
5231
3403
2658
2400
285
6748
4036
763
5377
6721
1782
9185
6562
4990
2072
6624
2358
4720
9829
8187
2780
82
7180
6681
4014
4966
1819
1601
298
6019
9842
6476
2347
7804
9823
7817
3522
2510
6302
4432
4090
3969
6122
2268
6362
2805
5183
4663
4397
6089
3289
8743
4559
853
5969
433
6753
6925
4708
5322
2773
4921
8054
538
8608
9630
1459
6354
4463
5893
9801
3586
8440
7385
60
4386
7461
3791
7121
1551
8116
5439
4947
4000
3763
1320
6033
7422
7516
1223
7639
7367
8921
201
9582
7387
3810
2788
5128
3788
4000
8600
1822
2922
111
450
3357
1608
9245
7978
6541
237
580
2213
9794
8817
9501
3574
9568
6520
8917
9325
9168
8160
7436
9288
2316
2208
8736
2711
3961
7193
9114
1884
5940
4553
2603
86
7872
320
9329
1668
3621
3608
5746
6323
9036
1070
8198
843
5418
3620
1897
6153
4175
3093
419
9769
9955
4154
3227
508
5461
9472
7446
2527
7934
6075
6490
2839
4843
3778
5229
9133
7083
9692
7444
7614
4990
3980
5614
8298
7373
141
6226
4694
8774
7436
6035
4790
4946
4422
4572
2036
5600
6978
4016
6423
6585
9967
1222
1627
7623
1504
7012
1069
9687
859
8535
6873
6315
9164
9230
4163
8436
6045
3683
1861
5952
3532
2389
5282
5923
9317
3792
5575
7794
2705
7460
7749
8673
2308
3271
8522
3500
5111
8617
4865
880
6928
6473
3031
9618
4830
5757
5054
7028
847
8771
1242
5550
4736
8828
8479
9000
3916
8572
2870
8196
5085
9470
6025
6130
9129
287
4618
9325
5467
9203
1556
2348
1718
6375
6820
8489
5025
1308
4416
4998
8658
8196
8633
9039
9723
7492
4396
2983
576
1671
6640
2328
8345
9018
3507
7006
7059
9877
791
9090
4576
8532
6819
280
2868
4586
2225
6330
5434
1535
8547
3634
9902
4450
113
679
7476
1394
7506
6567
5028
2377
8379
8575
3448
1440
9621
2045
2771
2205
7127
6761
8536
3775
8315
9542
4200
3629
9455
6748
735
1269
4512
2717
4629
7138
2335
1315
983
3988
78
3007
6420
9167
7887
7757
8500
6268
1196
8424
8048
5896
8322
7674
2070
9263
1759
7825
4666
4056
2066
6897
5231
2154
8635
6043
750
7801
9087
5049
8307
6225
5681
717
2554
2471
7359
9058
9527
7568
2531
3011
1888
7468
4315
92
6607
133
2805
770
1598
8691
6765
2581
1002
3670
2681
1594
5461
2086
5319
3727
9025
3031
2061
5928
7919
7221
9629
9803
733
65
8852
4631
3223
7428
1452
8269
8322
2516
1748
5207
3307
4460
6234
6682
6077
2802
6560
812
715
3918
5185
6617
4766
5074
9852
8192
815
5543
7985
3694
8113
4870
1609
2138
9283
6804
1141
1596
8852
7435
6127
9386
4584
2903
2777
6485
791
3832
7830
2618
2477
6322
9251
3700
3886
373
8692
6761
2517
268
4425
5242
1377
423
4875
1090
2115
6312
2102
7103
8834
5841
3922
468
3705
5002
9880
1939
1619
367
7610
6098
769
9054
4870
8457
7683
9186
171
3454
6237
572
8587
5799
4046
5779
6262
1702
1452
7018
8202
7465
2891
4778
5650
2803
4503
3549
4091
3572
659
7930
2662
6619
5606
8057
1031
5431
6965
1757
2621
8211
350
1107
3194
2643
4925
9236
2716
3896
8575
1982
6855
20
1199
6908
3722
8265
7324
9953
3796
6763
1117
2783
8612
7181
1912
1907
5930
349
6385
896
1100
2393
9685
718
8983
9834
354
2182
9211
946
709
3822
4697
2164
9105
3891
9235
7597
477
2929
5489
7332
4495
5180
5181
5817
6220
1664
1906
6679
4608
1703
3979
3414
447
5383
8452
8867
1014
6910
5915
2532
7048
7371
1796
9278
7189
6253
3294
1511
6009
6227
5751
4463
1042
6478
613
633
8451
7579
518
7631
1317
3507
4657
6766
3408
501
2245
5297
8159
2650
7292
7238
8910
5334
6876
381
9416
7334
8794
6439
4126
2202
2860
5579
951
1139
3176
5957
1512
5439
2363
9595
4749
3815
1594
7041
268
2642
7748
4310
1112
1376
5881
1414
1477
1108
9877
3558
505
9162
9521
8262
5536
7696
1524
3151
8194
7692
9772
3438
9062
5854
4408
3005
1132
8445
3560
3407
8687
1938
7419
8352
376
857
42
5523
7761
3170
9667
1951
5317
6847
4988
4661
7657
3954
6982
394
6529
5794
7047
1201
6005
3657
3765
3594
75
7025
8060
2626
6514
1338
1825
896
4914
1105
1363
5552
6229
9911
5192
7454
8653
4983
2680
9573
6322
5425
4687
2661
6719
3397
6942
9080
6242
4841
5303
9674
6940
2842
3064
3604
718
6774
1919
818
6523
3609
407
3296
669
6242
9596
7909
7334
2228
8912
1516
250
5189
7628
2467
4917
5286
7402
6697
8015
1135
4188
3835
6110
2
9070
6851
401
6844
4563
3946
6274
2201
9010
3000
6625
4370
3980
8932
1305
2620
3852
9231
8315
3508
9815
482
4956
7728
9748
500
7763
1266
7457
8296
3150
2486
2794
9476
4666
4763
8330
1385
3686
3543
7164
1340
2204
8370
2848
7380
9341
8218
5002
3418
4375
5644
1718
8299
9863
3452
8043
5609
1303
87
8491
3506
3639
1369
7729
6965
814
4290
5314
3591
3581
4673
8767
1703
7683
7942
5993
2386
4896
2454
7737
1416
6682
8975
6115
8159
5835
2968
3496
9503
2439
3486
5230
643
171
1628
2278
1451
3375
4714
6661
2521
5919
9541
745
7897
9641
9929
6882
5924
714
9065
8429
9748
656
5393
739
4889
491
3681
8831
3000
5769
5786
8387
8740
5061
8682
3119
6915
7358
6056
6916
5550
5893
3390
1284
6768
5982
3220
9859
9886
2926
3465
1115
4644
6462
6564
8282
8315
6067
9608
6306
630
7466
5677
2499
4747
2892
6860
1318
667
8177
185
2728
8074
8933
1116
5517
5652
9712
3035
8980
9108
8677
3819
5115
2209
3311
4199
7455
6553
5511
2718
5419
5378
1716
8277
1641
1494
3969
9554
5699
9604
2202
3006
9372
6149
7749
5028
573
6367
1795
1907
8563
4820
1646
8095
2437
5822
4155
7331
2704
205
4155
5416
4344
3515
384
7537
2226
7838
1472
8628
6833
4577
9672
1559
4299
3409
1570
8166
6808
5872
498
8208
723
9885
7412
6915
1638
6583
1825
4086
2280
1134
9961
3006
9850
7564
4485
822
7351
2629
749
1981
9549
2354
602
5331
3027
7463
3949
5419
3747
1498
9299
1016
2583
9973
2193
3813
117
6159
9291
8509
301
5628
8169
8400
173
8417
9439
2736
6363
5370
5364
6607
6199
6734
9411
3183
6236
3470
2924
6054
352
4033
7690
3563
2225
8827
211
6440
8702
736
2708
738
4924
9
6541
3990
1272
9875
194
733
407
5495
6720
1090
5001
5536
900
7290
1667
2082
1557
2310
596
6932
5214
1951
6755
3620
625
5160
3831
1312
1419
2607
4080
8387
7678
6804
4009
6632
8623
9966
9607
5144
214
4828
4731
8875
9809
4614
8928
6085
8257
3906
5156
337
6142
9692
5934
4429
3962
7250
5048
9816
6802
9664
1630
3437
9407
4555
9372
6278
5010
5393
4056
1901
7562
3285
7961
2092
3252
5726
4589
8332
6186
2122
1437
7747
2122
9812
3624
2923
4782
7932
6328
9804
4418
8706
6926
9722
3291
57
8582
3608
2954
1392
8002
7828
7031
3231
3845
964
8492
2830
4772
1615
6732
6173
3238
6316
366
2694
4116
7607
795
9644
9865
4295
7936
6920
2746
1323
1036
8007
401
551
5292
1050
2612
6382
9654
2715
5433
7048
9512
960
4395
1770
5147
774
2186
4907
6961
8349
3972
1068
4491
9553
5418
3677
6246
3024
4395
5411
7146
5510
8048
2496
3610
6326
5890
5915
5351
5738
5007
1197
1566
6753
3237
173
753
4724
152
8440
6943
9650
2021
2523
8710
6347
2263
6983
7976
8955
651
8941
3464
7266
76
4158
6184
9178
5497
6983
1241
3561
3674
7445
8989
9054
8315
3511
3336
5721
6395
1404
871
4237
963
4778
8333
4015
2422
1647
4076
8077
5009
3339
6713
6081
605
436
9077
4738
5147
5374
1091
3605
3507
6897
8500
5058
1020
3729
8244
6128
2655
8633
5208
9780
4077
4601
8877
1005
9274
9795
8360
5839
4830
6269
4819
1118
4695
1626
8629
3318
8526
8645
6059
7941
2502
1444
6752
3340
9179
8200
251
231
768
6430
9303
1314
7906
547
3587
7786
3821
70
0
3971
2802
5675
8337
7498
9375
2789
2332
8148
5719
1458
523
2661
7591
1385
4851
154
4895
9537
6186
2016
4029
8983
7354
2102
2237
7430
3867
1802
9467
1596
6156
4410
1259
4041
4622
895
7513
2601
266
3
6913
5949
998
8033
9119
6074
80
1230
3995
7553
7185
8296
9988
9329
1466
9397
9562
7932
2446
879
9904
263
957
6735
4093
479
3897
6881
9236
2615
8817
3014
8303
1967
57
5555
8633
1032
709
6876
809
5331
5134
8073
221
3100
2295
9323
2690
8877
3944
4842
6644
810
9092
2931
726
2992
8626
4325
1904
42
431
9390
7806
1527
3246
5094
8514
1125
5374
4608
4273
94
4993
6291
6811
4732
9677
8676
4528
3365
1415
7531
5371
5170
3526
1982
9926
4854
4358
1737
5792
9185
4247
7373
8804
3211
7494
1060
2876
9393
6656
6217
4651
2081
527
3778
3078
7887
5944
6151
1542
1893
7500
2384
450
3866
9690
2326
503
3219
1812
6679
4164
6859
1065
3089
3662
8002
7300
8564
3688
695
7599
2354
7067
3780
9780
2611
6253
4725
6816
7259
5626
6725
2651
8196
2798
6751
8310
5250
4833
4980
9937
7784
2214
6252
3507
8370
9573
4089
2292
1697
9982
2452
9312
7359
7335
6732
9215
6739
31
9020
5405
7290
3995
823
7110
52
1467
2727
9252
2082
69
740
6763
9607
956
8357
7774
9500
2462
7875
4998
8209
981
382
4501
2731
2041
5069
2065
905
2247
7634
5676
4946
9035
7546
1522
6820
1619
8636
7121
6407
5422
9757
9941
2858
3607
7416
7149
1602
4413
7089
8061
7160
9806
8501
5671
862
1035
8584
872
3494
7243
2601
5439
1093
9435
8300
6573
1719
3603
7698
7415
5844
807
3414
5237
1984
3625
4128
4228
361
9847
2602
4081
1532
8871
781
8111
2737
4503
3822
1979
5746
3320
2531
9278
2566
7631
4550
4010
9567
1307
6692
5214
9087
9838
7044
3650
5825
3296
3174
5838
4203
2255
6996
3596
5051
4688
7719
3331
9210
7089
3278
8967
180
6129
3243
167
3862
7148
1724
8081
9194
1602
1555
2784
5382
4882
7632
4433
7477
9417
1153
9004
3759
768
8324
8118
3485
4826
7370
3616
1186
7111
4367
646
7118
8762
2236
2572
2048
964
1252
353
799
13
9761
5664
4570
4846
1427
6220
718
6093
7707
8055
2815
510
63
1831
3571
4072
2147
1210
8490
3277
1554
9307
9193
4681
3320
9258
9628
8996
6475
3842
653
7840
2144
1782
5910
4865
8705
7313
1153
3726
1626
9789
9805
9623
1637
2508
8913
6581
3364
2097
6213
344
5335
7585
4071
9979
730
8151
8793
7661
3244
5984
475
102
6513
7147
6451
7809
5337
4434
4384
1335
114
613
5592
3796
8764
5795
9041
6888
3116
2418
8701
9406
9171
8386
783
204
595
3154
5849
5265
59
6349
9844
3661
7636
9990
2754
7707
4760
8362
8315
9249
336
367
992
4759
3394
4337
5520
4182
5501
5806
7611
1542
5368
84
7066
1846
2720
2277
481
4270
619
5477
550
8725
9400
6598
5625
961
5452
9965
744
4125
8154
9388
7967
997
4075
3381
7081
8134
3082
4462
5998
9441
7637
5059
4605
9760
4775
8606
7695
2826
472
4111
4892
8067
1646
6134
5140
965
6564
7930
9709
2557
4778
8609
7411
6327
1114
1004
6633
82
5783
7716
7684
3644
5348
4680
9714
8734
3440
62
1743
8335
756
7164
5376
601
4789
4037
7651
5477
5728
4626
6436
7306
4777
337
5269
2830
9981
7591
5690
2990
7267
3255
517
9281
39
397
745
4839
1770
5331
3742
736
7373
2469
6310
8675
2949
2800
5621
57
2279
2122
4631
6540
6087
105
2450
1585
9531
4953
1307
9387
1872
9231
628
6933
8510
1570
8849
8024
9501
6801
4172
1280
2016
81
1353
722
9254
5380
386
6764
4715
8707
340
5093
5871
1339
7449
5951
8699
1570
7496
7381
7897
5740
6484
5386
244
2772
8600
4528
9401
3993
8064
5643
7418
3442
2152
8963
2253
6671
2901
8858
904
7524
851
1699
289
8369
7784
6009
1403
6973
2663
2152
398
5082
8645
6595
159
6442
8027
962
8698
270
1703
1068
8639
3909
7825
2399
9983
6203
6942
710
3973
3196
8611
7323
423
4042
542
6670
3876
8955
4276
5501
7987
8869
2630
1506
9571
3450
9258
3869
1129
1988
6783
2810
4862
4541
4535
4358
9820
9357
8896
151
646
9461
1886
9686
2675
9261
2630
8320
1067
795
5327
723
6652
1866
5224
1110
7410
6199
7750
1304
9745
6520
7242
6347
2823
460
1866
9589
6787
5568
8075
8501
3251
6120
2197
6597
5562
9867
3206
4110
1439
5415
2009
3076
6466
5076
1382
2924
243
832
3320
8005
6805
6415
5507
7763
4607
9599
2247
1552
7978
4909
6591
993
8269
8450
8427
2747
1274
76
8401
9804
9026
9452
4171
7577
3543
995
4901
4193
7464
9381
9220
2425
9904
7992
1998
711
9839
5931
2310
2195
9384
7536
1091
203
5200
2833
4188
1669
6348
8276
4028
3707
4959
9139
1633
3188
635
4502
7511
1255
5885
2182
1261
6384
8070
5503
8610
6545
2567
9289
2906
4388
5619
7955
3395
5571
9403
1293
6718
2712
4718
8527
841
4245
2972
8367
4635
9459
8617
9056
3312
1414
613
9516
6956
9054
9024
7664
2513
2696
6242
1328
2630
8616
961
2005
6669
7913
2605
7231
3472
1691
8646
8637
4961
5636
2471
3055
5584
6325
5621
1128
6628
4404
8382
3011
9554
2240
4548
5264
9652
15
3958
2475
6421
4614
282
4125
9203
8916
5244
1790
4098
3871
4277
5009
6618
5169
4374
6409
2502
6894
8340
7301
2453
5007
5444
3299
5536
2788
4162
6547
7092
4041
3588
945
8905
8048
6027
3067
7871
6493
991
3837
3999
7828
850
6394
5699
251
5760
4808
4814
2124
1065
3514
3642
5915
4610
9489
1422
2899
1493
2257
5628
881
8943
149
8146
8226
4523
3063
3593
9144
7400
5310
8815
6086
6005
224
8265
7467
7352
5587
8794
9291
6767
797
9745
4862
5948
8623
8640
9270
1772
5837
8578
2951
7264
4119
9046
2218
2784
5826
715
3885
944
2172
7607
7766
2931
1706
485
7136
2270
101
3170
5040
9342
3921
1793
4427
6587
2657
2218
1743
8485
1345
6989
2664
5327
5435
2224
9779
7446
5323
2630
4528
802
299
5718
2846
3160
1446
8352
4530
225
2152
5683
6530
6478
5406
4534
9283
8185
811
9788
831
3558
7733
528
8568
2519
9543
7773
6032
8403
1352
1713
5783
5881
4825
339
1106
6056
8591
9457
4268
181
8990
6073
2209
8768
9379
7721
7812
2883
1553
1945
6274
5202
1408
1069
3362
1302
0
6219
683
6626
9423
4376
8318
5815
6776
6415
3483
500
4709
7289
4428
6881
7762
9742
5392
8504
8440
4843
1880
5645
7351
8293
1471
1544
661
3094
1104
6022
5093
7178
242
978
203
3193
558
1560
6021
8448
8931
6929
8819
3844
4187
3262
4785
5603
4603
9637
87
4045
9182
1134
7399
5191
4598
8987
429
6783
1745
624
6592
6574
8580
8056
7001
569
8751
9369
3055
6520
7889
6589
1185
5985
2731
2569
7965
2751
4984
8975
1246
4964
8053
2253
651
327
3347
3557
1528
8988
9879
4191
4713
4879
2012
6431
4115
7517
9826
7752
8349
1836
6671
2420
5359
7205
3630
1760
5440
3730
4851
2624
6187
464
871
7093
2763
9595
3831
228
3419
268
4264
766
3340
6726
9394
4605
582
2096
4564
741
7363
9403
7048
5359
9706
4408
6308
6332
9985
3355
5755
148
5432
7066
7584
8490
3873
5589
7603
7273
7749
3230
3908
8510
2737
1338
306
6406
806
7993
7234
5449
476
8148
9221
8678
6522
8794
3476
5889
1539
1206
6009
5048
1462
654
5907
5676
1863
6360
4635
3120
5857
8266
7047
2066
5182
4056
9263
9265
2035
1309
395
8542
8983
7435
9526
4534
6698
4597
2051
2944
2805
2976
7594
859
6951
3898
5987
1458
7393
5358
5352
1888
9619
6392
5908
4674
6168
7068
9180
2099
2691
8150
7936
3363
6559
1220
7998
3243
7607
749
7672
5900
8763
2783
4760
195
9723
4702
8087
9282
3626
2619
7001
9978
8837
8146
3885
2824
771
3197
9107
6029
1197
1856
995
3342
9685
7254
7624
7994
6485
6063
2695
7012
1758
1491
2106
5908
3414
6863
4639
7150
989
6186
5154
2885
5557
7678
3101
6353
8204
877
2104
5223
930
7372
8308
7196
2751
7185
9975
4744
1952
2829
8145
7418
7838
1802
9581
8966
7667
6086
5156
5578
5124
2840
7689
6001
8165
4150
9508
8071
840
6031
4464
5304
5795
9289
219
7970
591
6440
8993
9414
8428
876
8970
6256
1020
4494
6798
4183
5155
7293
4369
2503
4119
2293
6355
3302
6530
1574
1603
1506
9212
2131
1950
1723
6032
8613
4083
4414
6503
9269
5402
4995
9271
9870
3194
5425
7279
6579
3203
9115
6185
94
7728
8766
4320
6122
8186
6113
6290
864
2134
339
6425
5536
6978
1778
5819
7086
443
4906
5555
284
565
8884
3490
7837
3688
4702
542
2578
4093
1022
1794
670
1676
550
5662
8116
8793
5187
3516
8183
1427
2853
7534
4880
5491
7434
9132
2867
6338
6234
6171
9706
4550
7056
2137
376
1153
2947
4676
1065
4647
9415
6691
5434
1170
2890
2202
9047
1290
9783
6063
9726
5966
1842
4588
3811
9341
2363
2497
4283
5797
5403
6788
9943
2337
5724
329
583
779
4956
9302
4584
1465
9477
3048
5840
9279
1501
2578
5951
6377
4957
5205
2633
2978
8081
2090
3395
6703
3864
8716
5067
1737
6665
7768
9740
4814
6201
4137
3172
2329
7801
1214
6425
9168
8006
3322
2136
4316
9604
1994
5954
2019
1696
6942
9909
6700
1877
7507
2362
4789
8181
6180
1561
1430
4254
3938
2146
2797
5285
7127
8513
1264
8786
1431
3931
767
4058
5572
9874
2110
944
6170
3435
2377
678
1224
3491
3526
917
5430
6914
7448
4210
9381
1195
8826
9109
8709
9143
9445
1967
8604
4019
40
4073
435
5057
6092
8271
9521
7102
7349
5371
5954
27
6435
9240
2075
8227
1816
87
6627
6509
5746
2520
6996
1429
2539
7352
8422
5396
3504
7302
2458
3334
2711
8594
6452
6183
6276
2088
6803
7456
5734
9129
4877
3666
1801
5149
6753
5322
9338
2687
1211
9277
8976
9995
9834
2381
2849
57
2424
278
8072
2503
8771
3442
4788
7701
4909
2448
2459
8461
825
6722
7548
4147
3008
4096
3375
9626
6942
1112
9797
3820
4559
8077
7844
3062
6155
3044
3185
1895
9439
2013
4463
2383
5395
9849
5680
1137
1816
3831
4317
8506
5423
2715
7053
4364
6749
3862
6002
9026
2962
8698
8149
7923
3493
4712
9390
4035
6827
8959
1532
6606
5953
7001
1776
9950
6744
5383
9796
4804
8065
2159
2753
4067
549
8359
2653
8499
6736
1878
4235
8377
7229
163
6944
6186
7937
9401
5775
1432
1622
6238
7281
8847
4799
2611
1510
9701
771
4424
6012
8686
1043
8431
2298
6191
9974
1770
2339
142
1365
5582
2813
4210
9471
8400
6486
3368
3667
4790
2644
8584
9397
588
9182
1411
1007
1530
6536
5627
213
9356
8523
9661
3688
5311
4680
9441
4885
7398
5535
9611
7563
8492
9581
5669
8878
2798
7446
6504
6824
2775
4639
4140
7344
7905
2139
6714
6114
5925
808
791
2142
5959
1140
5448
6763
5387
8765
8738
685
5210
227
9201
7611
2814
8221
9536
8706
2559
7978
2410
9542
183
7695
1272
2779
9931
6675
3118
9936
6053
6878
7755
4875
6575
2275
691
85
5728
6298
2842
3731
6584
6563
2412
9413
1017
4321
2669
210
9434
4558
1828
7717
4185
2983
9349
4686
5525
4982
4142
5298
1930
7259
9752
1409
503
1441
7682
1125
6666
7609
6196
164
3247
9050
740
1985
5278
6948
6694
1055
3660
2535
6421
4237
3521
9538
5267
8685
7116
6739
3089
4176
5280
8439
8804
8350
7092
529
534
6168
6571
3820
2617
7605
8806
2360
9330
9271
6017
7292
9800
6734
1330
3474
9553
5498
1965
1517
7681
148
8002
3217
7661
284
5088
9873
6339
4169
422
3731
125
9036
8012
3333
3096
9327
4818
891
8768
9686
1947
2510
7454
6127
4871
5845
6587
6813
9156
4919
7278
7672
8507
9654
3407
6219
1103
4873
6383
5139
9844
6467
2064
7458
53
4518
3702
3863
1146
4595
9190
3563
3318
5900
616
4803
8921
9953
9419
1707
3905
2539
8093
3423
2299
4110
3889
9800
6961
1291
8640
3066
7898
9817
8758
2047
3540
3954
3263
8812
3838
2865
1405
6642
2453
8913
2179
7126
3607
4714
4701
7861
6696
7821
9292
9421
2749
3152
1110
6597
2363
6744
8126
1318
6197
4365
2434
4730
8634
8340
2160
5319
3903
3414
6869
2782
8071
7944
4678
181
2142
6384
1302
1200
9238
384
8240
8175
279
6019
1263
1073
9261
5541
9638
2835
8305
3794
6200
4162
6519
7038
3087
737
3647
3795
5455
1095
1372
3912
7277
8992
9954
4696
1789
9835
1434
4950
8538
5020
869
8255
9123
6977
2269
7189
9901
407
8702
6858
3037
8333
3949
9735
6484
37
1776
538
5491
8895
4066
261
5404
502
2953
8147
6183
3947
8590
67
8723
1302
1958
412
4540
8068
627
7159
2737
1043
2109
5404
617
8268
7526
4805
6231
9081
2318
478
634
397
9890
6175
4195
6116
8482
6435
3543
2294
7343
9949
9666
198
2592
5636
7701
9055
6609
3181
698
2219
3985
12
9021
3866
680
5103
1304
1385
7045
9402
8486
2508
4114
1395
3892
4838
6209
4675
34
7408
4857
2373
8287
7567
1591
263
801
9747
8556
4009
1887
2802
3718
1776
4854
8029
2889
1557
1042
1552
5467
3348
2084
8028
3655
8150
5663
6216
417
9539
111
6147
7380
2773
2373
7252
4671
4477
5191
3345
5832
9363
2200
7882
2144
8558
1626
6068
9432
7973
6580
1757
3298
2124
1875
3830
8331
5685
3194
6302
6174
2520
6411
924
7482
4475
9743
8965
4479
3130
386
5262
3643
7501
8397
4987
1791
6928
17
3028
9888
7094
1414
5859
6007
4943
5603
6943
8100
6008
2597
2244
8996
9807
9642
2792
2587
1314
1037
2842
3228
4823
3592
6635
3482
1165
7944
5868
6235
1156
6076
294
4613
8165
4661
8613
3634
2714
4049
6228
7291
6759
7047
5745
8156
2600
8342
3279
9068
3314
1700
8307
6905
7448
7978
2624
7392
5955
1454
2657
3760
9758
144
8447
4426
1185
6574
2674
1792
3836
9795
1802
7390
6183
3417
3437
9701
1504
9674
90
80
2012
6900
4952
2917
8144
6265
2105
8376
2690
616
6940
9233
7975
5764
3796
3507
5192
6220
4704
2998
8578
892
7528
2233
9694
5995
4184
6490
7671
3258
652
2229
4941
8978
346
6446
2916
4119
8998
3925
6501
1054
540
7609
5117
1472
3149
2291
9729
560
8904
8174
9151
8650
9953
4074
5343
3102
2552
2868
263
722
4812
8416
6027
6685
7921
2038
6677
4761
9074
9115
4502
8325
6500
7584
435
3843
3749
4060
4020
1824
6739
1151
6694
9486
4259
8940
2234
5477
146
6536
3938
8487
512
1635
2293
3652
672
7127
4434
3553
3584
1775
1774
6536
3674
9805
1738
3713
3748
2256
6059
382
8091
34
487
2050
6820
4771
7635
4031
6469
2286
8771
6944
3654
239
9706
4648
523
7670
5635
9151
9905
7667
1433
217
2935
3498
2614
2338
8848
8669
7999
5339
4654
7429
5854
6527
8468
3551
5789
6271
6158
1577
8099
211
4426
5856
7860
7411
4962
9698
1790
5137
9601
7102
5865
1742
9726
682
5280
4019
6872
7749
6275
7429
2554
8394
3503
3406
7322
8985
4575
4615
1424
1895
7272
2841
7635
3985
7344
1601
6569
2865
9009
9077
3637
8555
3762
4360
4335
9370
2688
5264
1028
2303
5998
6514
4778
4681
6913
5302
394
1004
7955
5087
299
5026
8644
7916
5920
4366
3707
9660
4357
5123
7495
4552
2928
2504
5137
4801
1663
6282
5028
417
8234
800
4503
8843
9411
8073
3613
8455
6359
3646
1332
5866
6325
5732
1747
3587
3763
3779
1520
1603
9499
3103
972
2065
9655
6087
4431
5223
8171
9847
5788
7296
8197
2154
8441
415
5390
9689
1977
6704
8796
7541
5163
3993
1578
3719
4084
8592
3877
4562
7030
8927
6062
6207
5321
8555
1685
3209
1038
1248
7040
788
7928
4163
4556
4357
4267
8044
170
492
8351
3171
7476
4359
4172
7400
3005
4638
1563
8486
1650
4687
5456
1178
3864
3734
8031
4230
7484
2110
114
2188
9760
7359
5814
1920
5517
8731
2222
1800
5071
773
1141
214
9102
9715
1337
4962
1411
8597
2368
1148
7451
7779
5005
362
6335
6810
4161
685
7708
1527
8624
7221
3578
3037
8161
485
3298
3385
8372
4176
5863
9627
1503
3869
7027
4703
1173
8301
3114
6655
253
5769
6081
9819
3799
2355
2763
2866
791
1201
5002
6433
534
315
2589
22
257
7090
8954
6238
2367
4784
3529
1333
5440
7209
8085
7161
6267
2549
9118
3522
3094
9735
6962
4218
5276
7084
3556
4993
4282
6539
6786
6997
3439
8628
7260
3079
6400
3486
2618
8342
4362
1286
8857
3318
710
155
418
117
7425
5018
7379
9565
7790
7053
1767
9186
2768
1018
4204
6664
4753
8582
4379
5607
7586
2283
5172
5365
8091
8326
5570
5773
1190
6609
2077
4471
4199
5773
7663
2911
3932
8928
742
8383
9159
4467
4545
7218
4623
7181
869
2065
2263
8128
5387
7736
200
4604
395
7410
2660
780
6418
8476
6485
2701
8903
1638
7022
8351
8784
2033
6957
8573
8390
812
4957
1348
8276
6221
5114
4830
7970
368
22
3144
8773
9047
2671
5066
8116
8596
1540
2487
2893
6558
6511
8338
3395
6357
606
9502
5125
2834
1932
3255
4899
1067
8429
4539
6497
3256
1693
5077
4427
2453
4955
8106
5015
491
2093
7865
2835
7267
3081
4382
3197
3645
656
6522
1191
6712
9999
3673
2843
1082
5123
1789
7803
3430
505
7520
338
8
6374
1784
6708
966
8221
145
4289
4443
1320
8707
5891
9860
6325
9813
9802
656
356
8480
2780
5134
587
5862
8418
7375
6041
8309
7389
4712
2618
9530
3087
1176
9119
3633
2639
4003
6100
3315
2885
9797
4975
5974
2768
9478
7306
1866
7293
2131
3004
2913
4205
8333
8619
2181
6888
8438
2980
3733
3863
7429
1645
2796
7356
1757
4676
3725
8380
2851
2839
2886
7906
2424
6827
6802
6818
4065
9022
4384
7789
1485
3122
8391
5276
5682
269
5453
1834
7100
987
2461
9935
1038
1939
704
9400
3997
6533
3773
9125
5149
8105
4118
9040
7212
5474
1964
9317
5130
106
9148
8259
768
9622
8589
9812
8843
237
482
2481
9506
275
920
7302
8391
4534
6957
6588
1322
7011
7360
2459
5294
9290
199
3977
3900
6955
7310
8770
1537
5953
9983
8186
8007
620
9948
9566
136
7653
7471
2243
4716
3434
2821
805
542
89
2855
2839
1615
1055
6792
3526
8534
7817
2716
7528
1528
5182
6458
6461
3538
9565
6378
4144
5909
9110
9967
7677
2722
4083
3534
1510
313
9764
4738
3423
5246
8069
8221
8162
2752
8379
4131
4680
9496
1702
4645
7858
4865
2155
9367
9486
8236
5921
9263
6425
3191
4949
1925
5898
5854
9686
1574
900
2470
8073
1053
2953
4959
2013
4591
2085
9205
7340
9159
5922
9340
4884
6034
1179
9004
7761
4994
1434
7611
8150
6505
2120
6099
5048
3138
4881
7298
6387
3909
420
8742
4627
2586
7265
6120
1458
8279
5358
5163
2965
2816
7138
552
6692
7015
3653
8602
7195
5822
7319
2972
2469
7638
2049
7468
8684
5700
6389
4442
1783
4277
4939
5428
9287
9405
9614
2567
2410
7467
7298
1102
562
8053
3283
4092
9448
690
1393
6222
4651
8761
4099
2823
8469
4571
5015
8700
8739
6899
4800
9051
9987
2115
1997
5012
8914
9641
8613
5580
6409
7554
187
342
4637
5739
8505
2910
4391
9789
5170
8127
6865
4710
8064
7900
6332
7054
2058
14
3311
8656
2365
2782
7444
9341
9217
2150
6593
4298
6217
4242
9402
3824
6864
7003
5663
4238
8359
698
7151
3684
5486
4392
7719
7381
3249
1166
4248
8448
6517
1683
568
3796
6993
1965
9446
6277
5354
3510
8299
7896
5174
6817
7892
4949
5792
15
2597
6659
3395
9829
9774
6508
5661
8287
6014
2070
2051
1618
6451
1472
9061
6120
1843
1437
2019
6016
4527
6990
5625
997
9000
4630
25
9769
6333
7087
988
7462
1237
1727
9007
2706
3489
5534
6719
2338
5689
2558
4822
397
6208
557
4718
4574
3629
1916
1562
9259
2446
1882
7968
6130
4436
2488
9508
4914
6736
6215
4748
1230
3424
8310
5088
3516
8220
8370
6420
97
2608
9191
7328
197
2254
324
2489
9457
2460
3087
8882
6874
7846
4648
3616
3212
4471
249
9381
2832
5537
7236
2723
3421
3437
5173
7667
8518
9008
6254
4740
6912
9696
2712
5141
9570
4464
4434
2103
3766
2512
9675
8225
9481
5702
2832
1192
8853
8964
2433
4456
455
1613
6549
3056
864
7690
8753
3535
1389
7269
2645
1999
2527
8572
2675
4592
485
5721
5990
8593
8471
1275
7087
7913
506
3585
9024
1844
4399
6715
9115
9737
4015
9747
7140
4029
1906
8674
4819
206
5754
4369
6116
7865
6086
3258
883
6680
9716
3108
3037
5883
3271
4039
2971
2454
68
4020
6506
8132
6817
2217
5543
5223
5158
4495
2134
5259
873
4010
3579
4469
6745
2463
6028
766
8218
6141
9744
2858
2641
1423
344
7051
310
730
5702
3881
1892
4903
8981
1931
2683
8715
343
7966
4991
9804
133
9706
8076
1158
2749
2241
7532
5301
4443
3862
9125
8652
1563
8764
6002
5056
2436
8191
6028
9926
7399
4920
1716
5858
1358
8368
4235
4673
8544
2927
4917
178
8184
6900
9927
4715
3793
1879
4364
7098
8934
5915
481
3438
9549
7464
3886
361
7988
4266
2705
9436
4006
5049
7233
5913
1139
7023
8705
7796
100
8937
2011
8818
9298
2579
3943
3636
7741
6502
7130
7519
5056
1962
9872
5493
6247
8308
7888
973
4708
252
4977
3758
7443
7623
9123
9224
7156
3504
376
2642
3962
3399
4769
295
1057
7555
7380
3238
6784
2871
4981
6550
6149
5564
1905
8185
685
1732
7144
6869
3539
9929
7495
302
3395
6113
4494
1443
9870
9883
1290
9596
7764
726
2866
1740
3010
9530
2
788
7531
2975
3568
6638
4197
5462
2173
6653
2901
5912
3135
8075
3837
5175
2895
2808
6992
6635
9874
242
3308
2192
2800
3962
9664
6868
1146
4342
5464
5818
3869
5045
889
3242
173
5418
350
1497
9767
1022
9557
8728
3867
4174
3891
8593
1545
9098
7223
3225
1214
4219
7066
7904
6718
892
1909
9087
3148
6568
4635
7929
2398
2778
3984
3027
8617
7748
7044
9048
5403
3903
9955
5186
1569
5302
6839
2134
3891
3955
2402
1362
9640
5548
2823
4590
3201
9611
2104
2905
7058
5941
6796
1076
5616
3096
8259
4848
9617
4685
663
8298
5076
4104
585
8934
4547
7675
78
690
7866
8629
5889
5520
9548
7834
5489
8090
5938
7091
8138
3727
1691
825
567
1011
7137
2944
1315
9833
1905
8642
4133
6016
8970
104
6032
9883
6125
3287
2132
9296
7903
1047
5085
1462
4929
9464
8123
6243
2336
1601
5227
9961
4657
2271
9313
1842
1990
7345
529
7618
7496
4655
1308
4977
427
1109
8678
3391
8204
7295
3457
637
1099
8749
3046
3453
5690
7205
2233
2124
2399
6301
1710
3262
3062
7716
3224
7081
1903
7933
4328
3585
1172
4350
9620
163
3782
4942
5547
4322
6402
8048
1476
4596
348
3393
8426
9682
5566
3435
4546
2726
1620
4992
1743
7709
8715
7305
8315
5399
7576
1209
7138
8946
7044
9718
458
6646
531
5953
7657
6319
5616
5092
7202
4669
1992
307
3318
6831
1367
6546
8519
488
2893
6719
4337
6031
3492
1696
3520
2219
4240
688
3258
8183
2134
1765
147
8545
4529
9341
5940
3584
1233
9160
4799
1648
2988
839
4548
5431
6459
2137
37
2793
495
4303
5210
6521
7655
8061
7655
4424
796
9791
7969
1789
4349
9970
4366
1014
93
5322
1986
3821
2052
5460
9111
9484
5973
2714
985
9154
7276
7445
3018
6338
5330
8482
930
5119
9072
8857
697
2093
9249
560
4007
5600
5654
9325
8466
3350
7242
6868
63
4186
8011
3456
2144
9366
3340
958
2735
8361
3712
1846
6277
6368
2514
1208
5699
7039
8429
5116
8726
3241
8506
5263
8183
6650
3023
7682
6283
5784
4447
2060
3213
8215
8954
6103
9384
7585
6192
9632
2636
8768
3032
468
5834
6333
1309
7763
9652
9986
7761
2166
9338
8302
7553
503
6667
6073
7553
4079
1573
2165
7457
2555
2959
4724
613
1950
6827
1936
2076
9287
546
5778
4896
7062
1041
1252
8826
5169
6899
5190
745
404
2520
4227
8245
7700
3418
3776
57
4874
8169
805
8309
1477
4879
1242
4646
4604
2675
3201
1360
7612
1057
2939
5314
3093
5740
4404
1776
2437
8918
5865
8861
537
3083
593
3398
5803
9201
1221
7063
8794
2921
8314
5128
5232
442
8376
7129
2568
815
5607
3711
9918
6841
7870
5442
7957
8200
7481
6517
1980
4572
1570
5698
6323
1614
1433
4715
4500
5217
947
5168
7763
5122
9741
7268
300
5983
3902
3207
2302
7759
8029
734
4200
2231
5084
1102
8936
9314
2848
573
8247
5718
1667
5460
3113
7652
3949
5625
8014
7695
7603
8704
7774
4451
7854
8979
8760
5582
7735
5287
9382
9892
4615
9205
4802
6632
4896
2458
4119
1819
7497
1285
3190
2266
5714
7784
5029
8748
9213
9090
4376
1030
5391
4598
4769
6731
3372
3098
3676
3559
6273
9371
4467
5827
6465
7952
1584
149
5704
1591
4796
3187
9023
888
5552
1044
690
3047
3766
7188
1720
4872
33
3905
1528
2054
4985
5462
2580
1032
3868
4923
4696
8849
6201
5161
960
9252
4608
9472
7695
2451
4370
2345
1586
8376
4885
5713
5303
3477
7534
3356
6163
6319
476
5149
4363
4843
7749
9620
1021
8432
7889
5521
8160
9458
1970
9128
4228
6410
7599
6799
7314
7796
6126
5403
6852
4736
7538
9996
6144
9977
6980
9826
8825
9637
8635
2983
8844
4070
9254
4316
4221
8895
9243
9543
8122
1577
5298
4638
5519
6115
2245
8694
6502
5805
5202
2582
6112
2677
9916
2773
1559
7823
5721
4637
4205
8480
4386
8176
4400
5816
7752
8830
7858
428
5405
2444
5739
5974
2179
9567
89
2223
2450
1085
8564
1766
8793
2529
3383
9881
2734
3522
2860
3231
1645
3892
9544
8345
1087
6828
8895
8627
5782
4266
8874
1401
7840
3628
725
8459
5662
8806
6211
6162
3017
5235
8540
6530
1780
2675
7258
4265
7476
4809
4230
68
3655
4543
584
3093
744
2346
5564
5722
3551
5161
190
2293
3470
6387
9091
5930
5704
5146
266
5820
8153
564
8754
2357
6178
5582
5432
1900
9144
8365
8443
842
8539
5961
2581
3643
8688
6943
7749
6320
8375
958
9977
6639
5206
4576
4780
5799
7602
8739
1665
6787
4235
7991
2135
2859
6918
1055
202
7192
2349
3239
6868
5580
3575
2481
9654
9072
6370
375
6877
1239
6612
5126
7273
5998
85
7959
5545
9753
4233
3441
5752
6208
9900
4114
3636
1407
2283
5076
4472
2008
8239
1432
5796
8869
4516
7206
162
5474
8271
4126
9099
2932
2892
116
7332
55
4827
381
1323
9837
9615
3200
2010
8336
4903
9580
6697
4118
1027
8087
2891
4823
3174
5117
3897
6367
2961
2990
1469
6153
9646
9270
421
9285
2382
274
4137
737
3870
7401
5190
9633
3343
928
8328
9102
4404
4940
7573
4383
1445
7808
5357
7878
9458
8363
8671
9684
4886
3439
4960
2870
9787
2557
3031
3550
4033
4280
9073
2682
1530
1472
4619
6842
7965
2501
1990
1285
1740
5792
200
3431
157
9487
1175
8795
2251
3889
6845
9630
5461
6881
2692
9495
5745
9096
7246
1526
5486
6886
9438
2243
8310
591
6092
8649
127
1903
5985
6579
7333
4103
5244
4276
2701
2956
7007
6380
7951
5227
7419
4653
5993
411
5846
8066
6368
8764
3299
8459
5018
7967
5829
6875
5044
6503
7761
9367
2951
4221
6666
2263
3518
1277
3547
7082
5621
1467
4424
361
505
4993
9308
4915
9324
2961
3858
2292
7394
118
1518
8316
1530
819
425
8549
6860
720
1845
302
4109
6452
2043
5587
9285
8206
5697
7756
9264
1470
9197
6692
5345
118
1766
5717
7703
6962
7890
1964
6187
2621
3303
7635
6168
7393
3217
6310
3111
8686
9971
1157
2826
9543
8074
4506
9165
567
6638
5480
4362
4960
518
1357
1181
